[gd_scene load_steps=14 format=3 uid="uid://2wmpab3yvmaj"]

[ext_resource type="Script" path="res://scenes/Volante/car2.gd" id="1_hv2jl"]

[sub_resource type="BoxShape3D" id="BoxShape3D_nhxtw"]

[sub_resource type="TorusMesh" id="TorusMesh_g54x2"]
inner_radius = 1.272

[sub_resource type="CylinderMesh" id="CylinderMesh_u2tr0"]
top_radius = 0.1
bottom_radius = 0.1
height = 2.2

[sub_resource type="BoxMesh" id="BoxMesh_iajsa"]
size = Vector3(1.5, 0.5, 2)

[sub_resource type="BoxMesh" id="BoxMesh_o62oy"]
size = Vector3(5, 0.5, 8)

[sub_resource type="PlaneMesh" id="PlaneMesh_meowj"]
size = Vector2(5, 1)

[sub_resource type="PlaneMesh" id="PlaneMesh_1m7n1"]
size = Vector2(5, 0.5)

[sub_resource type="BoxMesh" id="BoxMesh_0ob1h"]
size = Vector3(0.3, 1.7, 0.4)

[sub_resource type="BoxMesh" id="BoxMesh_lcg5k"]
size = Vector3(0.3, 1.7, 0.4)

[sub_resource type="BoxMesh" id="BoxMesh_tqcya"]
size = Vector3(5, 0.3, 8)

[sub_resource type="BoxMesh" id="BoxMesh_k5uwt"]
size = Vector3(1, 1.4, 9)

[sub_resource type="BoxMesh" id="BoxMesh_hj2yl"]
size = Vector3(1, 1.4, 9)

[node name="car2" type="CharacterBody3D"]
transform = Transform3D(1, 0, 0, 0, 1, 0, 0, 0, 1, 3.6663, 0.11841, -0.531515)
axis_lock_linear_y = true
axis_lock_linear_z = true
axis_lock_angular_y = true
motion_mode = 1
script = ExtResource("1_hv2jl")

[node name="CollisionShape3D2" type="CollisionShape3D" parent="."]
shape = SubResource("BoxShape3D_nhxtw")

[node name="Volante" type="StaticBody3D" parent="."]
transform = Transform3D(0.623796, 0, 0, 0, 0.652274, 0, 0, 0, 1, -0.193473, 0.423831, -0.620497)

[node name="MeshInstance3D" type="MeshInstance3D" parent="Volante"]
unique_name_in_owner = true
transform = Transform3D(0.3, 0, 0, 0, -1.31134e-08, -0.3, 0, 0.3, -1.31134e-08, 0, 0, 0)
rotation_order = 1
mesh = SubResource("TorusMesh_g54x2")

[node name="MeshInstance3D2" type="MeshInstance3D" parent="Volante/MeshInstance3D"]
transform = Transform3D(-0.0148347, 0.999889, -4.37065e-08, -0.999889, -0.0148347, 4.43598e-08, 4.37065e-08, 4.43597e-08, 1, 0, 0, 0)
rotation_order = 5
mesh = SubResource("CylinderMesh_u2tr0")
skeleton = NodePath("")

[node name="car_body" type="MeshInstance3D" parent="."]
transform = Transform3D(0.440728, 0, 0, 0, 0.613541, 0, 0, 0, 0.574301, 0, 0, 0)
mesh = SubResource("BoxMesh_iajsa")

[node name="floor_car" type="MeshInstance3D" parent="car_body"]
transform = Transform3D(1, 0, 0, 0, 1, 0, 0, 0, 1, 0.793291, 0, 2.95544)
mesh = SubResource("BoxMesh_o62oy")

[node name="velocimetro" type="MeshInstance3D" parent="car_body"]
transform = Transform3D(1, 0, 0, 0, 0.34202, -0.939693, 0, 0.939693, 0.34202, 0.779602, 0.675451, -1.20556)
mesh = SubResource("PlaneMesh_meowj")

[node name="MeshInstance3D" type="MeshInstance3D" parent="car_body/velocimetro"]
transform = Transform3D(1, 0, 0, 0, 0.34202, 0.939693, 0, -0.939693, 0.34202, 0.0159078, -0.238201, -0.591301)
mesh = SubResource("PlaneMesh_1m7n1")
skeleton = NodePath("../..")

[node name="MeshInstance3D" type="MeshInstance3D" parent="car_body"]
transform = Transform3D(1, 0, 0, 0, 0.939693, -0.34202, 0, 0.34202, 0.939693, -1.54675, 1.90564, -1.3313)
mesh = SubResource("BoxMesh_0ob1h")

[node name="MeshInstance3D2" type="MeshInstance3D" parent="car_body"]
transform = Transform3D(1, 0, 0, 0, 0.939693, -0.34202, 0, 0.34202, 0.939693, 3.14675, 1.91553, -1.33191)
mesh = SubResource("BoxMesh_lcg5k")

[node name="MeshInstance3D4" type="MeshInstance3D" parent="car_body"]
transform = Transform3D(1, 0, 0, 0, 1, 0, 0, 0, 1, 0.760899, 2.66928, 2.67568)
mesh = SubResource("BoxMesh_tqcya")

[node name="MeshInstance3D3" type="MeshInstance3D" parent="car_body"]
transform = Transform3D(1, 0, 0, 0, 1, 0, 0, 0, 1, -2.20134, 0.438311, 2.63092)
mesh = SubResource("BoxMesh_k5uwt")

[node name="MeshInstance3D5" type="MeshInstance3D" parent="car_body"]
transform = Transform3D(1, 0, 0, 0, 1, 0, 0, 0, 1, 3.74776, 0.545981, 2.87424)
mesh = SubResource("BoxMesh_hj2yl")

[node name="pivoteCamera" type="Node3D" parent="."]
transform = Transform3D(1, 0, 0, 0, 1, 0, 0, 0, 1, -0.202343, 0.445208, -0.202462)

[node name="Camera3D" type="Camera3D" parent="pivoteCamera"]
transform = Transform3D(1, 0, 0, 0, 0.996318, -0.0857299, 0, 0.0857299, 0.996318, 0, 0, 0)
current = true
